     37.69117086    121.27128188                                  1,0.24
     37.70683043    121.27188085                                 1,0.953
     37.71257171    121.26740642                                 2,0.189
     37.72107871    121.26747987                                 2,0.726
     37.71295940    121.28242739                                 3,0.383
     37.72183460    121.29346248                                 3,0.822
     37.71880867    121.27763937                                   3,1.0
     37.72516857    121.29851719                                   4,0.0
     37.73230412    121.29579978                                 4,0.234
     37.73992387    121.29634853                                  4,0.48
     37.75497911    121.30418941                                 5,0.087
     37.77754179    121.30328482                                 5,0.931
     37.78201172    121.30295072                                 6,0.166
     37.78559635    121.30666064                                 6,0.362
     37.79831883    121.31307101                                 7,0.216
     37.80521495    121.32334721                                 7,0.827
     37.80934185    121.32611895                                 8,0.047
     37.81169401    121.31885499                                 8,0.254
     37.82270257    121.31628161                                 8,0.913
     37.83356093    121.31387187                                 9,0.419
     37.84565496    121.32227866                                 9,0.946
     37.85262513    121.32332990                                10,0.293
     37.85768066    121.31879855                                10,0.636
     37.87038542    121.32922760                                11,0.257
     37.88027141    121.33250904                                11,0.583
     37.89113925    121.32833327                                 11,0.92
     37.89701556    121.32741763                                12,0.121
     37.91117066    121.32455280                                12,0.633
     37.92567923    121.32480978                                13,0.657
     37.93318161    121.32832836                                14,0.362
     37.93899329    121.34107019                                15,0.476
     37.94672181    121.33894417                                16,0.579
     37.94887428    121.33644147                                16,0.843
     37.66959686    121.25623398                                17,0.068
     37.67565871    121.26483384                                17,0.352
     37.68720360    121.26824611                                17,0.888
     37.95214109    121.33804956                                18,0.178
     37.95395420    121.34526208                                18,0.761
     37.95545404    121.35063740                                19,0.206
     37.95767660    121.35634549                                19,0.706
     37.96317757    121.36483496                                20,0.565
     37.97331357    121.37652235                                21,0.532
     37.98163963    121.38661102                                22,0.216
     37.98690349    121.39408992                                22,0.646
     37.99099343    121.40496438                                23,0.347
     37.99560216    121.41670030                                24,0.199
     37.99400938    121.42859455                                24,0.793
     37.99514162    121.43986459                                25,0.549
     38.00121915    121.44566910                                26,0.139
     38.00431899    121.44390434                                 26,0.49
     38.00783133    121.44165941                                26,0.896
     38.00310960    121.45884698                                 27,0.14
     38.00152234    121.45511704                                 27,0.53
     38.00063259    121.45283923                                27,0.763
     38.00993599    121.44460232                                28,0.119
     38.00968143    121.44965601                                28,0.368
     38.01221213    121.45472115                                28,0.663
     38.01625424    121.45765229                                28,0.969
     38.01076416    121.45939808                                29,0.194
     38.00805919    121.46102357                                 29,0.51
     38.00426229    121.46097033                                29,0.937
     38.00782279    121.45442204                                30,0.669
     38.01527123    121.45998354                                31,0.128
     38.01805726    121.46234221                                31,0.316
     38.02159404    121.46497985                                31,0.545
     38.02508472    121.46829948                                31,0.797
     38.02577388    121.46953941                                31,0.864
     38.02662114    121.47522916                                32,0.124
     38.02481446    121.47942008                                32,0.346
     38.02683430    121.48671870                                32,0.718
     38.03834872    121.49598550                                33,0.507
     38.03337494    121.48237911                                34,0.635
     38.03517689    121.49550685                                35,0.106
     38.03736255    121.49908857                                35,0.318
     38.03974219    121.50410602                                35,0.598
     38.04376014    121.50469464                                35,0.852
     38.03773379    121.48980133                                36,0.075
     38.04040537    121.49420436                                36,0.367
     38.04172864    121.49650594                                36,0.516
     38.04387888    121.49979036                                36,0.739
     38.04626857    121.50268801                                 36,0.96
     38.04807000    121.50426324                                37,0.102
     38.05418985    121.51506741                                37,0.857
     38.05463330    121.52212929                                38,0.262
     38.05539633    121.52886230                                38,0.671
     38.05870001    121.53286073                                39,0.178
     38.06782661    121.53363391                                40,0.014
     38.06147670    121.54507779                                40,0.759
     38.05633927    121.53705756                                41,0.126
     38.05708648    121.54358051                                41,0.425
     38.06022355    121.55772190                                42,0.069
     38.06194339    121.55740988                                42,0.155
     38.06919021    121.55835534                                42,0.449
     38.07180267    121.56138549                                42,0.591
     38.07411801    121.56585258                                42,0.764
     38.07686429    121.56827649                                42,0.893
     38.07867292    121.57243698                                43,0.117
     38.08298386    121.57275687                                43,0.937
     38.08654260    121.57389628                                 44,0.24
     38.09206264    121.57515271                                44,0.805
     38.09711039    121.57789961                                45,0.111
     38.09858665    121.58595150                                45,0.307
     38.10103243    121.59461716                                45,0.518
     38.10423589    121.60260448                                45,0.721
     38.10400630    121.61079996                                45,0.907
     38.10240414    121.61655375                                46,0.062
     38.10119455    121.62277964                                46,0.223
     38.09712715    121.62789433                                46,0.422
     38.09229719    121.62875954                                46,0.578
     38.08858131    121.63351922                                46,0.724
     38.08749036    121.63773652                                46,0.825
     38.08787202    121.64246504                                46,0.941
     38.09075649    121.64903641                                47,0.132
     38.09257123    121.65253667                                47,0.219
     38.09442074    121.65608478                                47,0.308
     38.09568626    121.66082071                                47,0.411
     38.09541821    121.66598806                                 47,0.52
     38.09396689    121.67147661                                47,0.651
     38.09269611    121.67460663                                47,0.724
     38.09007511    121.67834564                                 47,0.83
     38.08066447    121.68069446                                48,0.125
     38.07282152    121.67955110                                48,0.445
     38.06713494    121.67926786                                48,0.678
     38.04568716    121.70010105                                49,0.148
     38.04053791    121.70805368                                49,0.397
     38.03542360    121.72329490                                49,0.784
     38.03187976    121.72909631                                49,0.947
     38.02940549    121.73132703                                50,0.018
     38.02450470    121.74962215                                50,0.588
     38.02465439    121.76037707                                50,0.909
     38.02242221    121.76661862                                51,0.096
     38.01990941    121.77389851                                51,0.294
     38.01826801    121.78579240                                51,0.599
     38.01921752    121.79517444                                51,0.838
     38.02048659    121.80498916                                52,0.067
     38.01996607    121.81054160                                 52,0.25
     38.02215548    121.81789909                                52,0.509
     38.02445572    121.82224005                                52,0.682
     38.02646673    121.82500650                                52,0.803
     38.02759306    121.82707560                                52,0.884
     38.03116233    121.83448656                               53,0.0080
     38.03315816    121.83491805                                53,0.067
     38.03753691    121.83714497                                53,0.212
     38.04062395    121.83972849                                53,0.332
     38.04410676    121.84011101                                 53,0.44
     38.04658299    121.84148640                                53,0.521
     38.04946669    121.84281589                                53,0.615
     38.05186122    121.84273267                                53,0.687
     38.05358729    121.84422570                                53,0.747
     38.05551097    121.84528561                                53,0.811
     37.80780760    121.33104193                                54,0.268
     37.80881550    121.33422394                                54,0.534
     37.81173271    121.33558006                                54,0.841
     37.81782206    121.33321072                                55,0.374
     37.81991846    121.33557334                                55,0.604
     37.81943227    121.34092164                                56,0.157
     37.82021560    121.34641555                                56,0.793
     37.81973980    121.34920957                                57,0.129
     37.81691864    121.35636486                                57,0.722
     37.81904491    121.36484983                                58,0.319
     37.82125885    121.37207166                                58,0.812
     37.82196961    121.37539933                                59,0.064
     37.82058187    121.37774867                                59,0.518
     37.81698987    121.38001382                                60,0.173
     37.81413140    121.38228905                                60,0.433
     37.81072640    121.38687799                                60,0.793
     37.80912385    121.39271989                                61,0.095
     37.80829914    121.39730506                                61,0.359
     37.80574288    121.40466570                                 61,0.86
     37.80797598    121.41013134                                62,0.135
     37.80948133    121.41186122                                62,0.364
     37.81166159    121.41638548                                62,0.819
     37.80845703    121.41810321                                63,0.298
     37.80621473    121.41906751                                63,0.606
     37.80423483    121.41983192                                63,0.862
     37.80732624    121.41511292                                65,0.435
     37.81007702    121.41713155                                65,0.802
     37.80530367    121.41627704                                66,0.397
     37.80545413    121.41817023                                66,0.598
     37.80169504    121.42145225                                67,0.631
     37.79502223    121.42706063                                68,0.542
     37.79403164    121.43218289                                68,0.793
     37.80241615    121.42781466                                69,0.367
     37.79913663    121.43247327                                69,0.874
     37.79888690    121.43465831                                70,0.195
     37.80208163    121.43951855                                70,0.738
     37.80440345    121.44954017                                 71,0.51
     37.80277063    121.45676779                                71,0.912
     37.80180131    121.46456471                                 72,0.46
     37.79962738    121.46827624                                72,0.821
     37.79599343    121.46956654                                73,0.152
     37.79228588    121.47333464                                73,0.591
     37.79000823    121.47552832                                73,0.851
     37.78617887    121.47966434                                74,0.357
     37.78341172    121.48246523                                74,0.728
     37.78179633    121.48928547                                75,0.344
     37.78149662    121.49666369                                75,0.945
     37.78549142    121.50307420                                76,0.557
     37.78996800    121.50872700                                77,0.065
     37.79342611    121.51706774                                77,0.515
     37.79832901    121.52292691                                77,0.865
     37.80348396    121.53183321                                78,0.848
     37.80660542    121.53763909                                79,0.442
     37.81053475    121.54393234                                80,0.069
     37.81531649    121.55299894                                80,0.731
     37.81822833    121.55400588                                81,0.439
     37.82880251    121.55207650                                82,0.953
     38.05907414    121.68428523                                83,0.118
     38.05549975    121.68950953                                83,0.484
     38.05078571    121.69379863                                83,0.871
     37.83774577    121.55641498                                  84,0.0
     37.83775443    121.55641812                                  84,1.0
     37.84633940    121.55991833                                85,0.079
     37.85599754    121.56686888                                 86,0.15
     37.86587991    121.57297713                                86,0.944
     37.86600321    121.57306484                                 88,0.05
     37.86974957    121.57835245                                88,0.458
     37.88496013    121.57419859                                89,0.743
     37.88837016    121.57519086                                90,0.051
     37.89919532    121.56621125                                91,0.404
     37.90382359    121.57204991                               92,0.0070
     37.91413347    121.56476148                                94,0.111
     37.92022195    121.56003140                                94,0.742
     37.92854515    121.55879345                                95,0.734
     37.93667832    121.56177611                                 96,0.69
     37.94286589    121.56301730                                97,0.687
     37.94476521    121.56829115                               101,0.196
     37.95175462    121.56534674                               101,0.809
     37.95466048    121.56858008                               102,0.424
     37.95629874    121.57454533                               104,0.119
     37.95724746    121.56796402                               104,0.683
     37.96020829    121.56511894                               105,0.095
     37.96106181    121.56696825                               105,0.318
     37.96316119    121.57097563                               105,0.818
     37.96503740    121.57256135                                106,0.09
     37.96700351    121.57363537                               106,0.302
     37.97010151    121.57313769                                106,0.59
     37.98001233    121.58118041                               107,0.723
     37.97391096    121.57717032                               108,0.054
     37.97791475    121.57650045                                108,0.41
     37.97953578    121.57267963                               108,0.649
     37.98067252    121.57773575                               108,0.869
     37.98456464    121.58123469                               111,0.107
     37.98659667    121.58094948                               111,0.231
     37.99099539    121.57807101                                111,0.54
     37.99678784    121.57822797                               111,0.883
     37.99908390    121.56993558                               114,0.343
     37.99817741    121.57106434                               114,0.441
     37.99826830    121.57436290                               114,0.665
     38.00086569    121.57982001                               115,0.175
     38.00373911    121.57020671                               116,0.283
     38.00341305    121.57604157                               116,0.794
     38.01394755    121.58092706                               117,0.215
     38.02701696    121.58157610                               117,0.822
     38.01592564    121.56186724                               118,0.122
     38.01864855    121.57104118                               118,0.371
     38.01127742    121.56857778                               118,0.725
     38.01114616    121.57733228                               118,0.942
     38.02253096    121.56167301                               119,0.205
     38.02814538    121.56367186                               119,0.376
     38.03732539    121.57030075                               119,0.778
     38.04177869    121.57192737                               119,0.911
     38.04262129    121.57832200                               120,0.167
     38.03995285    121.58049386                               120,0.382
     38.03571203    121.57837033                               120,0.687
     38.03223909    121.57898133                               120,0.939
     38.03337400    121.58231357                                121,0.12
     38.03791504    121.58416821                               121,0.453
     38.04444291    121.58324482                               121,0.906
     38.04999613    121.58179465                               122,0.282
     38.05607641    121.58224981                               122,0.684
     38.04446554    121.57841051                               123,0.133
     38.04820164    121.58048028                               123,0.348
     38.06361462    121.58094532                               124,0.114
     38.06811825    121.57936440                               124,0.369
     38.07195964    121.57300752                               124,0.727
     37.82446686    121.37800731                               125,0.357
     37.82856479    121.38375748                               125,0.888
     37.83314556    121.38557611                               126,0.221
     37.83992929    121.38019463                               126,0.613
     37.84613253    121.38054250                               126,0.907
     37.85383005    121.37710107                               127,0.524
     37.85951057    121.37619729                               127,0.968
     37.86913395    121.37865196                               128,0.463
     37.87514973    121.37755861                               128,0.788
     37.87896877    121.38350201                               129,0.158
     37.88411757    121.38778136                               129,0.555
     37.88605470    121.39313870                               129,0.851
     37.88683303    121.39924876                               130,0.135
     37.88687161    121.41171333                               130,0.792
     37.88836288    121.41474355                               130,0.951
     37.88980678    121.41956706                               131,0.213
     37.89056439    121.42556569                               131,0.555
     37.89264571    121.43197658                               131,0.957
     37.89100531    121.43875190                               132,0.354
     37.88974134    121.44162152                               132,0.592
     37.88218007    121.46046597                                133,0.68
     37.88488938    121.47253470                               134,0.249
     37.88549276    121.48200662                               134,0.618
     37.89080535    121.48925766                               135,0.155
     37.89567640    121.49338106                               135,0.754
     37.90253988    121.49737019                               136,0.787
     37.90547280    121.50473988                               137,0.591
     37.90647793    121.50688086                               137,0.848
     37.90826859    121.51313952                               138,0.312
     37.91170195    121.51757243                               138,0.778
     37.91576324    121.51517385                               139,0.291
     37.91975552    121.51688213                               139,0.911
     37.92200759    121.52109937                               140,0.222
     37.92312894    121.52376978                               140,0.366
     37.92420428    121.52606129                               140,0.513
     37.93071692    121.52658029                               140,0.891
     37.92037025    121.51726102                               141,0.255
     37.92036991    121.51726465                               141,0.577
     37.92480700    121.53185940                               142,0.238
     37.92963006    121.53335357                               142,0.584
     37.93130393    121.53068246                               142,0.815
     37.93490182    121.52931748                               143,0.396
     37.94563617    121.53409998                               144,0.681
     37.94689947    121.52693616                               145,0.319
     37.94871546    121.53178675                               146,0.215
     37.94981036    121.52533432                               146,0.884
     37.95416030    121.52600571                               147,0.551
     37.95270269    121.53135180                                148,0.46
     37.95696535    121.52878095                               148,0.885
     37.96068167    121.53172370                               149,0.245
     37.96321155    121.53249042                               149,0.464
     37.96746885    121.53333523                               149,0.825
     37.97313002    121.53783398                               150,0.352
     37.97935669    121.53513869                               150,0.935
     37.98412345    121.53092066                               151,0.562
     37.98877606    121.53031436                               152,0.309
     37.99379001    121.52961294                               152,0.878
     37.99738784    121.52737002                               153,0.282
     37.99954084    121.52382231                               153,0.669
     38.00062146    121.51758217                               154,0.319
     37.99988555    121.51607984                               154,0.451
     38.00010905    121.51246757                               154,0.796
     38.00613437    121.50997364                                155,0.61
     38.00527089    121.51434397                               156,0.373
     38.01001469    121.51683594                                156,0.92
     38.01064801    121.51217819                               157,0.418
     38.00826675    121.51176893                               158,0.428
     38.01334639    121.51833762                               159,0.252
     38.01548785    121.51781292                               159,0.436
     38.01821201    121.51775266                               159,0.668
     38.02338837    121.51219766                               160,0.149
     38.02643042    121.50483327                               160,0.464
     38.02842936    121.49498612                                160,0.86
     38.02283042    121.52130687                               161,0.158
     38.02739696    121.52336743                               161,0.398
     38.03510702    121.52431612                               161,0.683
     38.04589063    121.52535244                               162,0.214
     38.04950356    121.52137185                               162,0.624
     38.05164864    121.51971824                               162,0.838
     38.04669896    121.53440686                               163,0.381
     38.05222048    121.53453906                               163,0.781
     37.97425442    121.51262852                               164,0.389
     37.97790942    121.51460239                               164,0.826
     37.98120449    121.51656983                               165,0.131
     37.98480177    121.51669332                               165,0.514
     37.98689972    121.51489888                               165,0.843
     37.99142438    121.50951619                               166,0.546
     37.99581864    121.50599342                               167,0.216
     38.00043282    121.50972940                                167,0.83
     37.99291723    121.51189191                                 168,0.4
     37.99787194    121.51281215                               168,0.724
     37.94224903    121.34552827                                 169,0.0
     37.94224986    121.34553961                                 169,1.0
     37.94412355    121.37133043                                 170,0.0
     37.94413169    121.37133530                                 170,1.0
     37.95938124    121.38047505                                 171,0.0
     37.95938698    121.38046627                                 171,1.0
     37.99178570    121.45478158                               172,0.211
     37.99646637    121.44957074                               172,0.748
     37.98427273    121.47008534                               173,0.249
     37.98476472    121.46884271                                173,0.32
     37.98793988    121.46398428                               173,0.638
     37.98969599    121.45891043                                173,0.91
     37.97287168    121.47473180                               174,0.166
     37.97391171    121.47465076                               174,0.256
     37.97946695    121.47515001                               174,0.706
     37.98205253    121.47489052                               174,0.913
     37.97152249    121.48968589                               175,0.177
     37.97147516    121.48600867                               175,0.391
     37.97139136    121.47951909                               175,0.769
     37.97158385    121.50188151                               176,0.368
     37.97155371    121.49597445                               176,0.769
     37.97159826    121.52188842                                177,0.03
     37.97165160    121.51457378                               177,0.513
     37.96535875    121.53032993                                178,0.44
     37.96842701    121.52922797                               178,0.666
     37.97030544    121.53072768                               179,0.341
     37.93891651    121.43550745                               180,0.198
     37.94712617    121.44423695                               180,0.612
     37.94979148    121.44627043                               180,0.726
     37.95226273    121.45160740                               180,0.914
     37.95608573    121.45426732                               181,0.113
     37.95793105    121.45714775                               181,0.297
     37.96445407    121.46568152                               181,0.875
     37.96390093    121.47203207                               182,0.204
     37.96566370    121.47451211                               182,0.427
     37.96878064    121.47646152                                182,0.79
     37.79520492    121.42101211                               183,0.479
     37.78301422    121.41970730                               184,0.748
     37.76703880    121.35164293                                 185,0.0
     37.76704297    121.35165299                                 185,1.0
     37.77165554    121.36279181                                 186,0.0
     37.77165346    121.36280286                                 186,1.0
     37.77036309    121.36966642                                 187,0.0
     37.77036006    121.36967711                                 187,1.0
     37.76806034    121.37781171                                 188,0.0
     37.76806397    121.37782210                                 188,1.0
     37.77064024    121.38519185                                 189,0.0
     37.77064880    121.38519539                                 189,1.0
     37.77687608    121.38776989                                 190,0.0
     37.77687360    121.38778080                                 190,1.0
     37.77443600    121.39849570                                 191,0.0
     37.77444430    121.39850012                                 191,1.0
     37.78203422    121.40253317                                 192,0.0
     37.78202972    121.40254300                                 192,1.0
     37.77857669    121.41009035                                 193,0.0
     37.77858447    121.41009606                                 193,1.0
     37.78406548    121.41411752                                 194,0.0
     37.78407225    121.41412503                                 194,1.0
     37.75244009    121.30415821                                 195,0.0
     37.75244640    121.30416631                                 195,1.0
     37.76363221    121.31852437                                 196,0.0
     37.76363836    121.31853268                                 196,1.0
     37.77590859    121.33511860                                 197,0.0
     37.77591594    121.33512517                                 197,1.0
     37.78968163    121.34742641                                 198,0.0
     37.78968669    121.34743581                                 198,1.0
     37.80175615    121.36989645                                 199,0.0
     37.80176222    121.36990484                                 199,1.0
     37.78944856    121.35710296                                 201,0.4
     37.79775191    121.36692067                               201,0.954
     37.79916970    121.36860172                                 202,0.0
     37.80120808    121.37320279                               202,0.179
     37.80492764    121.38958848                                202,0.88
     37.80440901    121.39495529                               203,0.117
     37.80206408    121.41009816                               203,0.785
     37.81996367    121.40809878                               204,0.096
     37.81993947    121.41301689                               204,0.304
     37.81995120    121.41776213                               204,0.506
     37.81987928    121.42365865                               204,0.756
     37.81994990    121.42801273                                204,0.94
     37.81195407    121.42036403                               205,0.091
     37.81429597    121.42385513                               205,0.421
     37.81855382    121.42827417                               205,0.924
     37.81962056    121.43101802                               206,0.078
     37.81962661    121.44035597                               206,0.538
     37.81965350    121.44664428                               206,0.848
     37.81975280    121.45198902                               207,0.247
     37.81977541    121.45684625                               207,0.825
     37.81972579    121.46291871                               208,0.293
     37.81967558    121.46696524                               208,0.564
     37.81964210    121.47220437                               208,0.916
     37.81962632    121.47808671                               209,0.359
     37.81960331    121.48449729                               209,0.869
     37.81941240    121.49112252                               210,0.393
     37.81947217    121.49578993                               210,0.776
     37.81948904    121.50174052                               211,0.222
     37.81955809    121.50684824                               211,0.582
     37.81951973    121.51238510                               211,0.972
     37.81953135    121.51994986                               212,0.305
     37.81952517    121.52711900                               212,0.611
     37.81951459    121.53352917                               212,0.884
     37.81939917    121.54792195                               213,0.562
     37.81594292    121.57475547                                 214,0.0
     37.81594323    121.57474411                                 214,1.0
     38.01730616    121.69072783                               215,0.187
     38.01757771    121.69922455                               215,0.524
     38.01766928    121.70714649                               215,0.838
     37.79716252    121.58534980                                 216,0.0
     37.79717075    121.58534516                                 216,1.0
     37.83209601    121.54505107                               217,0.578
     37.83556178    121.54083255                                 218,0.0
     37.84834374    121.53459478                               219,0.824
     37.84929658    121.53429935                                 220,0.0
     37.84710412    121.53928451                               221,0.533
     37.85000530    121.54128668                                 222,0.0
     37.85739801    121.54076586                                 223,0.0
     37.85000530    121.54128668                                 224,0.0
     37.85604465    121.54875523                               225,0.159
     37.88834224    121.49061090                               226,0.153
     37.88342716    121.50146597                                 227,0.0
     37.88342313    121.50147614                                 227,1.0
     37.87700215    121.51646014                              228,0.0050
     37.87225812    121.52738605                               229,0.135
     37.86917782    121.53622161                               230,0.021
     37.85761017    121.55912391                               231,0.678
     37.83157848    121.55409772                                232,0.24
     37.91358028    121.51981517                               233,0.237
     37.91408838    121.52713488                               233,0.676
     37.91373078    121.54352064                               234,0.655
     37.91315502    121.55384592                                 235,0.3
     37.91319748    121.55976650                               235,0.743
     37.91606779    121.57009647                               236,0.313
     37.91850594    121.57713538                                 237,0.0
     37.91796490    121.57907301                               237,0.145
     37.91822750    121.58478884                               237,0.594
     37.92018899    121.58966282                                 238,0.0
     37.91913575    121.59122478                               238,0.101
     37.91747894    121.59509436                               238,0.373
     37.91690002    121.60218074                               238,0.778
     37.92256016    121.60715850                               239,0.414
     37.93313182    121.60901169                               240,0.421
     37.94239569    121.60991790                               241,0.212
     37.94901178    121.60876068                                241,0.66
     37.95929428    121.60395127                               242,0.614
     37.96775063    121.59460641                               243,0.712
     37.97189119    121.58792343                                244,0.33
     23.55215480    121.73948989                               245,0.362
     37.97656041    121.61161870                               246,0.605
     37.97593863    121.63002605                               247,0.601
     38.00372678    121.52806267                               248,0.551
     38.00469359    121.53167634                               248,0.869
     38.00613490    121.53877019                                249,0.24
     38.00712248    121.54641431                               249,0.577
     38.00970956    121.55148713                               249,0.841
     38.00870470    121.55845065                                250,0.32
     38.00745662    121.56106069                               250,0.486
     38.00427436    121.56454288                               250,0.805
     38.01204011    121.55358762                               251,0.276
     38.01511504    121.55580070                                251,0.78
     37.83818092    121.59652016                               252,0.408
     37.84823213    121.59019758                               253,0.587
     37.85637530    121.58377012                               254,0.552
     37.85966694    121.57938967                               255,0.133
     37.85883390    121.57252471                               255,0.704
     37.86290984    121.57598896                               257,0.478
     37.94009938    121.53528436                                258,0.16
     37.94039181    121.55793393                                259,0.81
     38.01476014    121.71577875                               260,0.149
     38.01757081    121.72187366                               260,0.444
     38.02159629    121.72793912                               260,0.812
     37.98073488    121.62263134                               261,0.203
     37.99237294    121.62362267                                261,0.78
     38.00542660    121.62106306                               262,0.575
     38.00961484    121.61818716                               262,0.883
     37.99993762    121.62499653                                263,0.26
     38.00448440    121.62692705                               263,0.666
     38.01996739    121.60222961                               264,0.116
     38.02673492    121.59329753                               264,0.555
     38.01703358    121.60777383                                265,0.17
     38.01435633    121.61215257                                265,0.57
     38.00824526    121.62190875                               266,0.406
     38.00732995    121.62561113                               266,0.835
     38.01072590    121.62297609                               267,0.544
     38.02433882    121.61030769                               268,0.264
     38.02860153    121.61293641                               268,0.467
     38.03091462    121.61597892                               268,0.611
     38.03266009    121.61887948                               268,0.734
     38.03866364    121.62768003                               269,0.073
     38.04324123    121.63379309                               269,0.309
     38.04677587    121.63941663                                269,0.48
     38.04703193    121.65077826                               269,0.969
     38.04792539    121.65311318                               270,0.082
     38.04993023    121.65571407                               270,0.356
     38.05143298    121.65789246                               270,0.573
     38.05352267    121.65770909                               270,0.787
     38.05476618    121.65631346                               270,0.945
     38.01726448    121.64919632                               271,0.193
     38.02221260    121.65838194                               271,0.479
     38.03051356    121.66934554                               271,0.896
     38.03529126    121.67171993                               272,0.163
     38.04153783    121.66893242                               272,0.545
     38.04698765    121.65613991                               272,0.932
     38.01165225    121.63609952                                273,0.52
     38.01273812    121.64972590                               274,0.094
     38.01275554    121.66955107                               274,0.605
     38.01230828    121.68116704                                274,0.93
     38.02010150    121.68841723                               275,0.172
     38.02648204    121.69279849                               275,0.324
     38.02279446    121.71522616                               275,0.706
     38.02568735    121.72294252                                275,0.84
     38.06271375    121.58698979                                276,0.17
     38.06361293    121.59381807                                276,0.46
     38.06247056    121.59959308                               276,0.742
     38.06097144    121.60322551                               276,0.913
     38.05989934    121.60975465                               277,0.115
     38.06072528    121.61526059                               277,0.279
     38.05800720    121.62308421                               277,0.604
     38.05181024    121.62614005                               277,0.857
     38.05051119    121.63227939                               278,0.091
     38.05200565    121.63500702                               278,0.282
     38.05368668    121.63795608                                278,0.47
     38.05483137    121.64227822                               278,0.697
     38.05557273    121.64593934                               278,0.883
     38.05564520    121.64984768                               279,0.054
     38.05534804    121.65327330                               279,0.165
     38.05680809    121.65771733                               279,0.319
     38.05642396    121.66426116                               279,0.534
     38.05779575    121.67162100                               279,0.778
     38.08845985    121.64428167                                 280,0.0
     38.08845095    121.64428345                                 280,1.0
     38.05877105    121.79797702                                 281,0.0
     38.05877057    121.79797669                               281,0.061
     38.05876311    121.79797164                                 281,1.0
     38.04400519    121.78797343                                 282,0.0
     38.04399739    121.78796772                                 282,1.0
     38.03754674    121.78080177                               283,0.114
     38.03305999    121.77384750                               283,0.468
     38.03230761    121.76967079                               283,0.656
     38.02882331    121.76615556                               284,0.043
     38.02834562    121.77076883                                284,0.27
     38.02698924    121.77609068                               284,0.541
     38.02599140    121.78144147                               284,0.808
     38.04728416    121.83793397                               285,0.023
     38.04473477    121.83735875                               285,0.164
     38.04166485    121.83526124                               285,0.344
     38.03801348    121.83519630                               285,0.528
     38.03349135    121.83278314                               285,0.796
     38.03164302    121.83020130                               285,0.932
     38.05720598    121.83957928                                286,0.39
     38.05523809    121.83780488                               286,0.536
     38.05227282    121.83822923                               286,0.726
     38.05054584    121.83651197                               286,0.845
     38.02844150    121.83338234                               287,0.063
     38.02827653    121.83655284                               287,0.209
     38.02715268    121.83971289                               287,0.371
     38.02773783    121.84389753                               287,0.573
     38.02988104    121.84843084                               287,0.833
     38.03090522    121.85682363                               288,0.138
     38.03150581    121.86153108                                288,0.27
     38.03183210    121.86572866                               288,0.387
     38.03309201    121.86976295                               288,0.523
     38.03445562    121.87331007                               288,0.632
     38.03555871    121.87662739                               288,0.732
     38.03721486    121.88019583                               288,0.847
     38.03915690    121.84990294                               289,0.349
     38.04308118    121.85231311                               289,0.601
     38.04602933    121.85589929                               289,0.843
     38.06327930    121.86103524                               290,0.189
     38.05964663    121.86630011                               290,0.518
     38.05574379    121.87192884                               290,0.863
     38.05334047    121.87625926                               291,0.142
     38.04995976    121.88354464                               291,0.664
     38.05118398    121.86127163                               292,0.219
     38.05468167    121.85993385                               292,0.503
     38.05845539    121.85647978                               292,0.847
     38.05022677    121.86582002                               293,0.327
     38.04937644    121.86338932                               293,0.572
     38.04847846    121.86114944                               293,0.805
     38.04786634    121.85978020                               293,0.951
     38.04740397    121.86564925                               294,0.176
     38.04736097    121.86888224                               294,0.339
     38.04581350    121.87164379                               294,0.489
     38.04339410    121.87759388                               294,0.785
     38.04140279    121.82545114                                 295,0.0
     38.04140826    121.82546019                                 295,1.0
     38.04433926    121.80563191                                 296,0.0
     38.04433760    121.80564311                                 296,1.0
     38.04400519    121.78797343                                 297,0.0
     38.04400540    121.78798482                                 297,1.0
     38.03755363    121.78438237                                 299,0.1
     38.03449960    121.78430748                               299,0.353
     38.03040126    121.78445267                               299,0.697
     38.02740405    121.78495834                               299,0.948
     38.02495775    121.78667360                               300,0.066
     38.02385497    121.79362182                               300,0.423
     38.02258260    121.80189302                               300,0.847
     38.04433926    121.80563191                                 301,0.0
     38.04433760    121.80564311                                 301,1.0
     38.11685835    121.62964599                                 307,0.0
     38.11685170    121.62963830                                 307,1.0
     38.11545250    121.68238412                                 308,0.0
     38.11545281    121.68237272                                 308,1.0
     38.11412844    121.68777187                               309,0.193
     38.11180875    121.69097700                               309,0.344
     38.10994126    121.69249224                               309,0.439
     38.10694653    121.69416636                                309,0.58
     38.10495980    121.69583128                               309,0.688
     38.10516074    121.69871535                                309,0.79
     38.08984543    121.68577928                               310,0.154
     38.09235041    121.68576031                               310,0.235
     38.09520678    121.68584524                               310,0.329
     38.09779269    121.68594092                               310,0.413
     38.10031961    121.68591912                               310,0.496
     38.10319092    121.68525430                               310,0.591
     38.10592662    121.68462105                               310,0.681
     38.10870337    121.68373045                               310,0.775
     38.11171071    121.68307101                               310,0.875
     38.01525458    121.38552444                               311,0.039
     38.02533270    121.39593916                               311,0.338
     38.03709818    121.40465932                               311,0.657
     38.04210865    121.41146105                               311,0.868
     38.01081537    121.38710256                               312,0.098
     38.00632428    121.39552710                               312,0.332
     37.99875490    121.41512287                               312,0.864
     38.04203944    121.42631106                               313,0.143
     38.04266181    121.43403093                                313,0.31
     38.04281240    121.44650532                               313,0.597
     38.05254298    121.45680129                               313,0.947
     38.05050023    121.46630385                               314,0.275
     38.04097819    121.48013996                               314,0.949
     38.03749943    121.47940957                               315,0.203
     38.03341922    121.47530573                               315,0.833
     38.03777093    121.48511394                               316,0.627
     38.08586906    121.41713922                                 317,0.0
     38.07983502    121.41540834                               317,0.141
     38.07134513    121.41820208                               317,0.355
     38.04658942    121.41914123                               317,0.943
     38.06199536    121.45934223                               318,0.428
     38.06481660    121.50008481                               319,0.248
     38.05681701    121.50110639                               319,0.524
     38.08586906    121.41713922                                 320,0.0
     38.08544430    121.42491483                               320,0.145
     38.08301640    121.43654522                               320,0.392
     38.08289294    121.44213412                               320,0.501
     38.06880372    121.45842076                               320,0.988
     38.08284353    121.47033101                                321,0.16
     38.08027549    121.46971991                               321,0.275
     38.07058948    121.46336681                               321,0.764
     38.06835488    121.45927797                               321,0.938
     38.08972490    121.48913765                               322,0.229
     38.09008618    121.48116206                               322,0.619
     38.08606701    121.47371074                               322,0.942
     38.11284736    121.49851147                               323,0.181
     38.10708114    121.49932550                               323,0.582
     38.10569590    121.49454276                               323,0.826
     38.10388472    121.49146974                               324,0.214
     38.10155874    121.49162342                                324,0.42
     38.09512692    121.49407890                               324,0.885
     38.09372226    121.49485641                               325,0.014
     38.09141269    121.49951095                                325,0.22
     38.08314947    121.50354838                               325,0.591
     38.07311985    121.50510258                               326,0.083
     38.08647216    121.51732138                               326,0.878
     38.08865196    121.52430975                               327,0.125
     38.09015274    121.53172644                               327,0.354
     38.08483504    121.54365475                               327,0.845
     38.08566720    121.55185781                               328,0.203
     38.08439739    121.55782154                               328,0.462
     38.08537186    121.56550110                               328,0.854
     38.26592775    121.49603968                                 329,0.0
     38.25749538    121.49683144                               329,0.734
     38.26591928    121.49603579                                 329,1.0
     38.24814467    121.49753244                               330,0.506
     38.24192199    121.49604748                               331,0.047
     38.23882859    121.49750673                               331,0.601
     38.23745666    121.49751424                                331,0.82
     38.23388960    121.50177964                               332,0.215
     38.23079149    121.50858843                               332,0.544
     38.22578040    121.50851631                               332,0.894
     38.23253220    121.49584306                               333,0.483
     38.25465982    121.45056974                               334,0.286
     38.25942891    121.46891016                               334,0.781
     38.24146092    121.48487824                               335,0.982
     38.22994340    121.49071811                               336,0.826
     38.22137853    121.49453712                               337,0.372
     38.21587353    121.49771836                               337,0.737
     38.21351081    121.49521816                               337,0.879
     38.20339521    121.47815417                                 338,0.6
     38.20200884    121.47683784                               338,0.663
     38.18972274    121.48290699                               339,0.331
     38.18451395    121.48720211                               339,0.736
     38.17670503    121.49737421                                340,0.38
     38.17246789    121.49704038                               340,0.588
     38.16338627    121.49517162                               341,0.114
     38.16230074    121.49673637                               341,0.195
     38.15383842    121.50377224                               341,0.803
     38.14686506    121.50621127                               342,0.156
     38.14272430    121.50406329                               342,0.787
     38.13478568    121.50587575                               343,0.428
     38.12986560    121.50303706                               343,0.952
     38.12872265    121.49914551                               344,0.098
     38.11801603    121.49511680                               344,0.914
     38.11633014    121.49924469                               345,0.034
     38.11727401    121.50713095                               345,0.302
     38.12295348    121.52006179                               345,0.822
     38.11928228    121.53428607                               346,0.343
     38.11656010    121.54853760                               346,0.856
     38.11960507    121.55957944                               347,0.224
     38.13026182    121.56251473                               347,0.621
     38.11879261    121.58492025                               348,0.591
     38.11545081    121.58467304                               348,0.744
     38.10974159    121.57854836                                349,0.09
     38.10737533    121.57109811                               349,0.331
     38.10046080    121.56362255                               349,0.707
     38.09704005    121.56669172                               349,0.882
     38.20424381    121.44848401                               350,0.838
     38.20427222    121.45196927                                 351,0.0
     38.19526849    121.46716581                               351,0.642
     38.19473504    121.47724208                               351,0.953
     38.17121192    121.45137864                               352,0.278
     38.16937658    121.46272276                               352,0.858
     38.16856495    121.47166026                               353,0.214
     38.16545135    121.47905067                               353,0.492
     38.16661029    121.48976958                               353,0.902
     38.14363950    121.44381325                               354,0.367
     38.13988766    121.45214281                               354,0.649
     38.14006655    121.45884558                               354,0.841
     38.14297799    121.49597498                               355,0.799
     38.14094718    121.50191678                               355,0.952
     38.22777987    121.49860045                               356,0.371
     38.22446952    121.50566017                               356,0.963
     38.21832779    121.50664110                               357,0.466
     38.20507054    121.50957401                               358,0.775
     38.20350389    121.51101159                               358,0.981
     38.20301225    121.51784448                               359,0.578
     38.19789716    121.52510285                               360,0.182
     38.19640221    121.52767198                               360,0.284
     38.18655730    121.52557205                               360,0.712
     38.17820251    121.52631323                               361,0.176
     38.16726914    121.53017658                               362,0.021
     38.15484186    121.53518216                               362,0.548
     38.15224162    121.53592450                               362,0.639
     38.14926401    121.54298314                               362,0.921
     38.14864577    121.54329876                               362,0.944
     38.14708744    121.54910290                               363,0.252
     38.14526332    121.55554213                               363,0.585
     38.13978104    121.55825889                               364,0.043
     38.13525185    121.56422684                               364,0.488
     38.24526388    121.50617557                               365,0.325
     38.24515007    121.50349774                               365,0.513
     38.24414807    121.50160790                               365,0.673
     38.23990904    121.51784025                                 366,0.0
     38.23742556    121.51740112                               366,0.142
     38.23167384    121.52175890                               366,0.543
     38.23990040    121.51783700                                 366,1.0
     38.22605998    121.52730638                                 367,0.0
     38.22606437    121.52731636                                 367,1.0
     38.21734957    121.54252238                               368,0.499
     38.21691561    121.54307783                               368,0.506
     38.20529785    121.54141453                               369,0.316
     38.19358455    121.55132082                               369,0.976
     38.18836342    121.55895091                               370,0.361
     38.18211096    121.57135971                               370,0.916
     38.17433637    121.58021252                               371,0.505
     38.15886879    121.58623621                               372,0.226
     38.15159969    121.59038403                               372,0.721
     38.14715024    121.60052053                               373,0.547
     38.13460130    121.59295096                               374,0.089
     38.12981705    121.58581863                               374,0.539
     38.13037761    121.57969429                               374,0.834
     38.41357406    121.52359889                                 375,0.0
     38.39535349    121.53875251                                 376,0.0
     38.35537621    121.57053336                               377,0.938
     38.33331641    121.58361110                               378,0.984
     38.32786918    121.57644245                               379,0.123
     38.32973850    121.57939481                               379,0.452
     38.33174003    121.58193029                                379,0.76
     38.33163285    121.58465201                               380,0.023
     38.32907821    121.58600585                               380,0.135
     38.32231990    121.59034963                               380,0.496
     38.31891507    121.59021945                               380,0.625
     38.31388935    121.59280844                               380,0.848
     38.30335747    121.59997572                               381,0.321
     38.29593004    121.60538272                               381,0.635
     38.28933251    121.60413796                               381,0.871
     38.28704934    121.60489717                                381,0.96
     38.28495189    121.60510582                               382,0.026
     38.28099495    121.60128980                               382,0.175
     38.27722454    121.60090969                               382,0.288
     38.27248135    121.60372022                               382,0.442
     38.26698354    121.60267785                               382,0.611
     38.25517522    121.60051020                               382,0.967
     38.30461988    121.57447997                               383,0.018
     38.30086688    121.57994959                               383,0.192
     38.28918966    121.58330561                               383,0.542
     38.28375171    121.58837324                               383,0.749
     38.28016140    121.58903779                               383,0.855
     38.26703943    121.58808659                               384,0.334
     38.26153403    121.59407730                                384,0.65
     38.25426485    121.59926195                               384,0.975
     38.24162416    121.60203956                               385,0.518
     38.23363707    121.60278853                               385,0.846
     38.22357395    121.60231879                               386,0.139
     38.21441236    121.60709216                               386,0.375
     38.20927436    121.61009926                               386,0.507
     38.20534388    121.61081575                               386,0.599
     38.19879510    121.61264668                               386,0.756
     38.19442451    121.61960120                               386,0.923
     38.19420908    121.62957385                               387,0.136
     38.19217156    121.63670078                                387,0.33
     38.18977119    121.64182586                               387,0.481
     38.18702652    121.64522206                               387,0.603
     38.18549152    121.64740664                               387,0.682
     38.18250425    121.65756549                               387,0.958
     38.28630377    121.60687593                               388,0.027
     38.28819888    121.61253344                                388,0.19
     38.28976953    121.61562483                               388,0.279
     38.29098047    121.62363681                               388,0.472
     38.29079852    121.63544342                                388,0.76
     38.28770039    121.64541313                               389,0.062
     38.27823460    121.63875225                               389,0.536
     38.26508895    121.64461540                               390,0.095
     38.25631472    121.65228482                               390,0.349
     38.25495660    121.65529214                               390,0.419
     38.24770251    121.65879525                               390,0.585
     38.24202435    121.66296587                               390,0.744
     38.54938669    121.58111499                               391,0.823
     38.54267477    121.58402884                               391,0.956
     38.52711318    121.58457866                               392,0.196
     38.48476842    121.58444836                               392,0.841
     38.46805246    121.58608558                               393,0.145
     38.43598936    121.60089927                               393,0.945
     38.42076071    121.60809936                               394,0.241
     38.39222716    121.62131174                               394,0.761
     38.36750558    121.63273779                               395,0.281
     38.34565212    121.64277313                               395,0.807
     38.32792776    121.64889500                               396,0.141
     38.31117459    121.65279516                               396,0.396
     38.29289044    121.65710415                               396,0.675
     38.27160495    121.66256859                                 397,0.0
     38.27159617    121.66257118                                 397,1.0
     38.22825422    121.67480759                               398,0.022
     38.22078628    121.67268769                               398,0.154
     38.21004663    121.66342427                               398,0.377
     38.20635220    121.65874104                               398,0.466
     38.19874931    121.65709580                               398,0.601
     38.19371050    121.65712292                               398,0.687
     38.18889635    121.65962026                               398,0.785
     38.18458012    121.66158788                               398,0.863
     38.33334651    121.66742276                               399,0.041
     38.31257988    121.66735479                               399,0.443
     38.29004987    121.66669667                               399,0.881
     38.27682063    121.66496066                               400,0.128
     38.26509872    121.67041502                               400,0.395
     38.24397095    121.67827031                               400,0.873
     38.31464842    121.69310366                               401,0.244
     38.29069830    121.69280652                               401,0.578
     38.27473434    121.69458851                               401,0.808
     38.28665480    121.72193534                               402,0.142
     38.27527666    121.70796148                               402,0.511
     38.26650606    121.69890118                               402,0.776
     38.25590846    121.68925804                               403,0.163
     38.24716994    121.68709873                               403,0.833
     38.24342271    121.68827876                               404,0.153
     38.24084191    121.68520154                               404,0.627
     38.23887585    121.68489392                               404,0.866
     38.23505112    121.68027162                               405,0.496
     38.28635690    121.81943298                                 406,0.0
     38.28635236    121.81942311                                 406,1.0
     38.26384783    121.77061262                                 407,0.0
     38.26384582    121.77060148                                 407,1.0
     38.25738617    121.72891690                               408,0.554
     38.25537245    121.72484384                               408,0.805
     38.25106860    121.72085156                               409,0.041
     38.24687056    121.70650149                                409,0.47
     38.24405918    121.69251049                               409,0.919
     38.58496412    121.50709488                               410,0.284
     38.57541897    121.51157549                               410,0.549
     38.56808007    121.51980994                               410,0.805
     38.55672673    121.51547604                               411,0.109
     38.54303564    121.51188379                               411,0.389
     38.52938150    121.53151562                               411,0.798
     38.52062851    121.52428301                               412,0.224
     38.52062650    121.52428450                               412,0.483
     38.52062460    121.52428591                               412,0.727
     38.52062347    121.52428675                               412,0.872
     38.52062256    121.52428741                               412,0.988
     38.49887154    121.55887425                               413,0.426
     38.49886857    121.55887370                               413,0.759
     38.47415626    121.52627280                              414,0.0090
     38.47415645    121.52627057                               414,0.205
     38.47415653    121.52626971                               414,0.281
     38.47415671    121.52626762                               414,0.464
     38.47415686    121.52626595                               414,0.611
     38.47415693    121.52626516                                414,0.68
     38.47415702    121.52626416                               414,0.768
     38.47415716    121.52626246                               414,0.917
     38.43992887    121.50344697                               415,0.065
     38.43992556    121.50345217                               415,0.649
     38.42446184    121.52880656                               416,0.087
     38.42446130    121.52880617                               416,0.156
     38.42446081    121.52880583                               416,0.218
     38.42445938    121.52880481                                 416,0.4
     38.42445869    121.52880432                               416,0.488
     38.42445832    121.52880406                               416,0.535
     38.42445741    121.52880342                                416,0.65
     38.42445635    121.52880266                               416,0.785
     38.42445552    121.52880208                                416,0.89
     38.42445495    121.52880167                               416,0.963
     38.38208609    121.52142413                               417,0.157
     38.38208286    121.52142799                               417,0.649
     38.35221528    121.53237695                               418,0.127
     38.35221315    121.53237944                               418,0.448
     38.35221120    121.53238170                               418,0.741
     38.35220959    121.53238358                               418,0.984
     38.32649943    121.57561218                               419,0.032
     38.31733748    121.57786889                               419,0.444
     38.30633196    121.57375832                               419,0.959
     38.30400867    121.57244505                               420,0.034
     38.28753372    121.55677247                               420,0.543
     38.27061687    121.53468787                                421,0.15
     38.26057593    121.52134367                               421,0.551
     38.25273350    121.51230833                               421,0.845
     38.24775934    121.51092508                                421,0.99
     38.24704415    121.51055321                                 422,0.0
     38.24403708    121.51316985                               422,0.381
     38.24052226    121.51683323                               422,0.883
     38.23969168    121.51957551                               423,0.024
     38.24107928    121.54484274                               423,0.663
     38.22901614    121.55646761                                424,0.27
     38.20524123    121.55793675                               424,0.886
     38.19855989    121.55930424                               426,0.103
     38.19255424    121.56818925                               426,0.498
     38.18639296    121.58288151                               427,0.032
     38.17769567    121.59045483                               427,0.365
     38.16472304    121.60395742                               427,0.917
     38.16356019    121.61488684                                428,0.26
     38.16689245    121.62730086                               428,0.695
     38.17279044    121.64161899                               429,0.223
     38.17405433    121.65260493                               429,0.556
     38.17544243    121.65771821                               429,0.719
     38.17550143    121.66481505                               429,0.935
     38.17333052    121.67042508                               430,0.113
     38.17039967    121.67297816                               430,0.206
     38.16489164    121.67682555                               430,0.371
     38.15940858    121.68082456                               430,0.537
     38.15571839    121.68488430                               430,0.664
     38.14761987    121.68788982                               430,0.887
     38.14148330    121.68961081                               431,0.051
     38.13567144    121.69126344                               431,0.211
     38.12701390    121.69465454                               431,0.454
     38.11815234    121.70034341                                431,0.72
     38.11302019    121.70498131                               431,0.889
     38.09490287    121.70808810                               432,0.243
     38.08493243    121.71191768                               432,0.489
     38.08164580    121.72881185                               432,0.814
     38.10490540    121.71644711                               433,0.235
     38.09903143    121.72466905                               433,0.492
     38.09160077    121.73480225                               433,0.813
     38.08376359    121.74862602                                434,0.13
     38.07415617    121.76863511                               434,0.465
     38.06324093    121.78895362                               434,0.817
     38.05859969    121.79989933                               435,0.101
     38.05949460    121.80847463                               435,0.335
     38.06193682    121.81623701                               435,0.559
     38.06531062    121.82614108                               435,0.847
     38.06677568    121.83257298                               436,0.027
     38.06840871    121.83658358                               436,0.183
     38.06858190    121.84257468                               436,0.396
     38.06804615    121.84984131                                436,0.67
     38.06646120    121.85307718                               436,0.803
     38.04697224    121.89237654                               437,0.063
     38.04484584    121.90274269                               437,0.246
     38.04618944    121.91312084                               437,0.424
     38.04750986    121.92661966                               437,0.656
     38.04886827    121.93477546                               437,0.799
     38.05335293    121.94316203                               437,0.971
     38.05781964    121.99321660                               438,0.051
     38.06080806    122.00462134                               438,0.319
     38.06314574    122.01652284                               438,0.595
     38.06264585    122.03024472                               438,0.908
     38.06417285    122.03889623                                 439,0.1
     38.06401642    122.05091024                               439,0.404
     38.06066092    122.06806782                               439,0.857
     38.05535345    122.08288015                               440,0.198
     38.04973277    122.09471166                               440,0.459
     38.04647731    122.10525819                               440,0.674
     38.04247376    122.12205586                              441,0.0070
     38.03777801    122.12929451                               441,0.496
     38.03465026    122.13595287                               441,0.914
     38.05569434    121.89592245                               442,0.139
     38.05858172    121.90357973                               442,0.409
     38.06674192    121.91173520                               442,0.813
     38.05352452    121.95019396                               443,0.098
     38.05328670    121.96067598                               443,0.323
     38.05471772    121.96907491                               443,0.508
     38.05561347    121.98186057                               443,0.794
     38.06545243    121.97293192                               444,0.094
     38.06459391    121.98827619                               444,0.445
     38.06863768    122.00227311                               444,0.783
     38.07055618    122.00954320                               444,0.954
     38.07283426    122.01831129                               445,0.211
     38.07886212    122.02685556                               445,0.551
     38.08076903    122.03455991                               445,0.819
     38.08543540    121.99870133                               447,0.134
     38.09066558    122.00986929                               447,0.484
     38.09551931    122.02330450                               447,0.888
     38.09761787    122.02942426                               448,0.172
     38.10402747    122.03906279                               448,0.557
     38.10510625    122.05094138                               448,0.914
     38.12694229    122.05557844                               449,0.196
     38.11841660    122.05656014                               449,0.542
     38.10998538    122.05611791                               449,0.888
     38.08453062    121.98816280                                450,0.23
     38.07740672    121.97821738                               450,0.643
     38.07499245    121.97557450                               450,0.765
     38.10141508    122.06267918                               451,0.207
     38.09377274    122.07043381                               451,0.459
     38.08479516    122.08208504                               451,0.788
     38.05755873    122.03763641                               452,0.128
     38.05290536    122.05183465                               452,0.501
     38.05527849    122.06793561                               452,0.899
     38.07944859    122.04138560                              453,0.0030
     38.08256297    122.05279797                               453,0.259
     38.08169998    122.06319566                               453,0.474
     38.07477767    122.07187646                               453,0.722
     38.06996989    122.09472484                               454,0.224
     38.06078440    122.10499830                                454,0.51
     38.05421507    122.11298073                               454,0.719
     38.21741255    122.13441297                                 455,0.0
     38.21740559    122.13440571                                 455,1.0
     38.21548709    122.13240248                                 456,0.0
     38.21548047    122.13239472                                 456,1.0
     38.21281587    122.10315798                                 457,0.0
     38.21280709    122.10315543                                 457,1.0
     38.23799082    122.03874591                                 458,0.0
     38.23798232    122.03874211                                 458,1.0
     38.21668319    122.03217988                                459,0.38
     38.20794044    122.03410563                               460,0.131
     38.20014913    122.03967653                               460,0.563
     38.19043624    122.04476525                               461,0.273
     38.18778159    122.05259395                               461,0.497
     38.18116556    122.04936797                               461,0.848
     38.17613768    122.05759705                               462,0.486
     38.17143236    122.06139582                               462,0.929
     38.16722866    122.06697508                               463,0.393
     38.16187950    122.06015847                               463,0.753
     38.15042364    122.07038469                               464,0.207
     38.14333146    122.06871659                               464,0.453
     38.13931451    122.07678053                               464,0.779
     38.12965373    122.08155533                               465,0.183
     38.12310725    122.07729831                               465,0.927
     38.11969391    122.06597921                               466,0.484
     38.20644994    122.12179626                                 467,0.0
     38.20644247    122.12178986                                 467,1.0
     38.19383939    122.11133786                               468,0.033
     38.19082142    122.10965044                                468,0.19
     38.18774822    122.11354729                               468,0.309
     38.18123177    122.11783616                               468,0.523
     38.17039894    122.11398696                               468,0.877
     38.15692814    122.11330877                               469,0.533
     38.15186621    122.08635784                                470,0.05
     38.14881417    122.08545722                               470,0.264
     38.13887529    122.09570325                               470,0.935
     38.13039282    122.09128396                               471,0.662
     38.08801679    122.10081224                               472,0.052
     38.09110788    122.09678672                               472,0.189
     38.10465971    122.09815041                               472,0.759
     38.10989226    122.09969893                               472,0.941
     38.08677958    122.10232465                                 472,1.0
     38.08068144    122.10321926                               473,0.188
     38.08155045    122.10460488                               473,0.318
     38.08228829    122.10572192                               473,0.425
     38.08302505    122.10615728                               473,0.512
     38.08394882    122.10409480                               473,0.693
     38.15626441    122.09883422                               474,0.234
     38.15231972    122.08851126                               474,0.939
     38.19150073    122.06605555                                 475,0.0
     38.19149226    122.06605946                                 475,1.0
     38.19060516    122.09671596                                 476,0.0
     38.19060057    122.09670613                                 476,1.0
     38.18335584    122.08118564                                 477,0.0
     38.18335109    122.08117594                                 477,1.0
     38.17919082    122.07067526                               478,0.092
     38.17305523    122.06424734                               478,0.873
     38.18335584    122.08118564                                 479,0.0
     38.18335011    122.08119445                                 479,1.0
     38.16762658    122.10125296                               480,0.069
     38.16696978    122.08644856                               480,0.555
     38.16151416    122.09690424                               480,0.857
     38.16724009    122.10856785                               481,0.302
     38.22662917    122.05126846                                 483,0.0
     38.22662576    122.05125789                                 483,1.0
     38.21243525    122.03738001                               484,0.016
     38.20905263    122.03908538                               484,0.082
     38.21170045    122.04511385                               484,0.236
     38.20024486    122.05395219                                 485,0.0
     38.20024003    122.05394256                                 485,1.0
     38.22645474    122.01624588                               486,0.043
     38.22854426    122.02007843                               486,0.202
     38.22605570    122.02207232                               486,0.322
     38.22319019    122.02218154                               486,0.486
     38.21979229    122.02963292                               486,0.974
     38.20450125    122.06531067                               487,0.189
     38.21125110    122.05458478                               487,0.999
     38.20435646    122.02773288                                 488,0.0
     38.20434848    122.02773820                                 488,1.0
     38.19223834    122.03798873                                 489,0.0
     38.19224401    122.03797986                                 489,1.0
     38.19464965    122.03421134                                 490,0.0
     38.19464473    122.03420177                                 490,1.0
     38.18627200    122.00267801                               491,0.247
     38.19100939    121.99242113                               491,0.659
     38.21257953    121.92448000                               497,0.262
     38.21160672    121.92353691                               497,0.333
     38.21005276    121.92392326                               497,0.407
     38.20676159    121.92313569                               497,0.616
     38.20363849    121.92210446                               497,0.789
     38.20254741    121.92144661                                497,0.85
     38.19708720    121.92316507                               498,0.113
     38.19517194    121.92699215                               498,0.239
     38.19079301    121.92996490                               498,0.419
     38.18300862    121.92610010                               498,0.731
     38.18022273    121.92080525                               498,0.909
     38.17624642    121.92183792                               499,0.173
     38.17465527    121.92610823                               499,0.393
     38.16853996    121.93402468                                 499,0.9
     38.11589766    122.09922134                                 500,0.5
     38.12377572    122.09989688                               501,0.696
     38.12572158    122.10020473                               501,0.887
     38.22048136    121.90519316                                 502,0.0
     38.22047343    121.90519857                                 502,1.0
     38.19558391    121.91295816                               503,0.199
     38.18947065    121.90734056                                503,0.53
     38.18092404    121.90547225                               503,0.907
     38.18097683    121.90862759                                 505,0.0
     38.18097380    121.90863834                                 505,1.0
     38.17057135    121.90805217                                 506,0.0
     38.17057735    121.90806069                                 506,1.0
     38.22280354    121.99026763                                 507,0.0
     38.22280582    121.99027868                                 507,1.0
     38.22571179    122.00712710                               508,0.361
     38.22623948    122.01285673                               508,0.866
     38.18338198    121.95301871                                 509,0.0
     38.18337521    121.95301117                                 509,1.0
     38.07084463    121.86430324                               511,0.014
     38.07336550    121.87836519                                511,0.74
     38.07535595    121.88185083                               511,0.955
     38.07951912    121.88304701                                 512,0.0
     38.07952812    121.88304757                                 512,1.0
     38.09572100    121.89189331                               513,0.091
     38.10213152    121.89223659                               513,0.198
     38.11197073    121.89103070                               513,0.322
     38.12053952    121.88852584                               513,0.424
     38.12249942    121.90062866                                 513,0.6
     38.12240241    121.91411409                               513,0.759
     38.13297951    121.91514904                               513,0.882
     38.14057498    121.90894097                              515,0.0040
     38.14829981    121.91342831                               515,0.277
     38.14839896    121.91360546                               515,0.282
     38.15089799    121.91784239                               515,0.406
     38.15113075    121.91821012                               515,0.417
     38.16323878    121.93104903                               515,0.888
     38.16355578    121.93132153                               515,0.899
     38.16763952    121.93893595                               516,0.102
     38.17146338    121.94687943                               516,0.463
     38.17486428    121.95350260                               516,0.789
     38.17542075    121.96296631                               517,0.192
     38.18342657    121.96559555                               517,0.435
     38.18701668    121.97607285                               517,0.695
     38.18169651    121.99345477                               522,0.058
     38.17953842    122.00290605                               522,0.184
     38.17264541    122.01745633                               522,0.407
     38.17070337    122.03084455                               522,0.597
     38.16575649    122.04311567                               522,0.788
     38.15366524    122.05509479                               523,0.083
     38.14014191    122.06109042                               523,0.595
     38.16831917    122.00346985                               527,0.544
     38.17788089    121.99600741                               527,0.942
     38.15789678    122.05695257                               528,0.058
     38.15675505    122.05468735                               528,0.436
     38.08581470    121.90365845                                 529,0.0
     38.08581742    121.90364757                                 529,1.0
     38.09346332    121.91304360                                 530,0.0
     38.09345685    121.91303566                                 530,1.0
     38.09707418    121.95743324                                 531,0.0
     38.09707326    121.95742189                                 531,1.0
     38.10612748    121.98995962                                 532,0.0
     38.10612449    121.98994887                                 532,1.0
     38.11178091    122.09882834                                 537,0.0
     38.11178381    122.09881754                                 537,1.0
     38.11780719    122.07639500                                 539,0.0
     38.11781621    122.07639486                                 539,1.0
     38.11780719    122.07639500                                 542,0.0
     38.11780385    122.07638441                                 542,1.0
     38.15686431    122.06283189                               543,0.361
     38.15825284    122.07390068                               544,0.862
     38.15738833    122.07208725                               544,0.947
     38.25758917    121.43413291                               549,0.246
     38.25404772    121.43375958                               550,0.317
     38.27861346    121.45080986                               552,0.343
     38.27293864    121.45320099                               552,0.619
     38.26990458    121.46971019                               553,0.162
     38.26814270    121.48728510                               553,0.742
     38.30991454    121.50949020                               555,0.891
     38.30387644    121.51116393                               556,0.248
     38.28796572    121.50479853                               557,0.093
     38.27569693    121.49779439                               557,0.775
     38.26898085    121.49735092                               558,0.138
     38.26544415    121.49776174                               558,0.775
     38.26762261    121.50239681                               559,0.625
     37.95308201    121.31300430                               560,0.946
     37.95341350    121.29254746                                 560,1.0
     37.95264774    121.31518724                               561,0.047
     37.95233293    121.31880949                               561,0.214
     37.95248817    121.32159818                               561,0.342
     37.95193215    121.33289898                               561,0.864
     38.05870586    121.94979385                                 570,0.2
     38.06240309    121.95763199                               570,0.585
     38.06561934    121.96456699                               570,0.917
     38.06914122    121.97382666                               571,0.176
     38.07307886    121.98630537                               571,0.571
     38.07601558    121.99511753                                571,0.85
     38.12875996    122.00653500                               572,0.103
     38.12685675    122.03374557                               572,0.637
     38.12153282    122.04226261                               572,0.833
     38.10603902    122.02549645                               573,0.128
     38.11322749    122.01657821                               573,0.477
     38.11670200    122.00429467                               573,0.817
     38.07912647    121.91825648                               574,0.047
     38.07721807    121.93169424                               574,0.304
     38.07279101    121.94289688                               574,0.543
     38.07394353    121.95488506                               574,0.776
     38.07393048    121.91989301                               575,0.111
     38.06630575    121.92630662                               575,0.404
     38.06153587    121.93023056                               575,0.614
     38.06049552    121.93757885                               575,0.808
     38.62585049    121.50692949                               700,0.125
     38.62584824    121.50692963                               700,0.375
     38.62584599    121.50692976                               700,0.625
     38.62584374    121.50692990                               700,0.875
     38.65456201    121.50565547                               701,0.125
     38.65455976    121.50565548                               701,0.375
     38.65455750    121.50565549                               701,0.625
     38.65455525    121.50565550                               701,0.875
     38.68186292    121.50542117                               702,0.125
     38.68186067    121.50542123                               702,0.375
     38.68185842    121.50542129                               702,0.625
     38.68185617    121.50542134                               702,0.875
     38.68876250    121.50448432                               703,0.125
     38.68876025    121.50448444                               703,0.375
     38.68875799    121.50448456                               703,0.625
     38.68875574    121.50448468                               703,0.875
