NODE_LIST
ID	X	Y
1	51.2741	1.9061
2	50.8245	3.6872
3	50.5667	4.5337
4	49.3063	4.8239
5	48.9349	6.739
6	49.1946	8.3161
7	48.5741	9.4727
8	47.6452	10.2909
9	48.4075	11.4574
10	47.9265	12.8197
11	47.7475	14.2276
12	47.5873	15.9985
13	48.1507	17.9868
14	47.7646	18.4665
15	47.4338	19.0598
16	46.6709	19.4408
17	47.2675	20.173
18	46.6223	20.3492
19	45.8909	20.7188
20	45.3816	21.2037
21	44.5139	22.1166
22	43.6416	22.7492
23	43.045	23.0305
24	41.7941	23.1293
25	41.0456	23.5319
26	41.3167	24.175
27	40.357	23.9312
28	40.5258	24.4629
29	39.7137	25.4919
30	38.611	25.6505
31	38.8579	26.1634
32	38.1239	26.8783
33	37.2045	27.3484
34	36.3638	27.4728
35	36.3045	28.2766
36	35.2173	27.4668
37	34.5064	28.3034
38	34.2352	28.951
39	34.1205	29.7635
40	31.9728	30.341
41	30.09	29.2781
42	28.2248	29.0857
43	28.317	27.4668
44	25.5262	25.3227
45	21.8028	24.68
46	20.0003	25.0033
47	47.146	10.6165
48	46.9353	11.213
49	46.4432	11.179
50	45.7807	11.0142
51	44.9597	11.2799
52	44.5652	10.9629
53	44.1607	10.4986
54	43.0586	10.281
55	42.5263	10.6388
56	42.4803	10.2535
57	42.3479	9.8169
58	41.6713	9.5625
59	41.2206	10.0141
60	40.1412	9.9766
61	39.7403	9.6431
62	39.2956	9.1663
63	38.9141	8.6958
64	38.2325	8.6473
65	37.4453	9.1641
66	36.8147	9.6939
67	36.1432	10.2586
68	35.4839	10.683
69	34.7975	11.0779
70	35.1356	11.4034
71	35.0942	11.9751
72	34.8898	12.5276
73	34.7034	13.1648
74	34.512	13.7727
75	26.4923	24.2017
76	33.9646	14.4537
77	33.6641	15.0266
78	33.898	15.7275
79	34.3239	16.3665
80	34.0968	17.0945
81	34.5975	17.6362
82	34.9274	18.3366
83	34.8345	18.9359
84	34.7106	19.5761
85	34.6451	19.9865
86	34.586	20.4191
87	33.9589	20.6136
88	34.5248	20.8254
89	34.1473	21.2005
90	34.0384	21.7351
91	33.6483	22.3773
92	33.7712	23.4959
93	34.434	23.8191
94	33.8258	23.9741
95	35.0553	24.8501
96	34.0384	26.6496
97	33.7475	25.8762
98	33.7198	27.9179
99	44.3976	11.7528
100	44.6661	12.7654
101	44.9137	13.909
102	44.6216	15.0068
103	43.7749	15.7404
104	42.7155	15.8623
105	41.7403	16.1355
106	40.8429	15.5532
107	39.8236	15.5282
108	38.6921	15.9829
109	38.4926	16.3962
110	38.2715	16.8907
111	37.711	17.2401
112	37.1346	17.6847
113	37.1168	18.1388
114	36.4441	18.4332
115	36.5716	18.9668
116	36.245	19.5481
117	36.2787	20.1298
118	36.7493	20.1919
119	36.5036	20.8685
120	36.3082	21.5518
121	36.3179	22.1419
122	36.4278	22.7847
123	36.6446	23.3776
124	37.0339	23.7016
125	37.5444	23.8577
126	37.6365	24.3081
127	37.2304	24.4321
128	37.2215	25.1315
129	36.6408	26.6028
130	37.3346	22.2822
131	37.4744	22.894
132	37.8054	23.243
133	45.307	19.6221
134	44.7606	20.7098
135	40.3914	22.8403
136	39.7169	22.4715
137	39.5743	21.6496
138	38.5804	21.6777
139	37.6675	21.7304
140	36.9644	21.6998
141	40.7857	20.415
142	39.8771	21.1136
143	42.3738	9.2745
144	45.8364	7.7065
145	45.2559	7.6856
146	44.8545	7.5548
147	44.4476	7.7433
148	44.2148	8.1139
149	43.808	7.9776
150	43.4325	8.5065
151	43.0263	8.3277
152	42.8611	8.6927
153	48.4821	7.2625
154	47.4254	8.2017
155	46.4871	9.1473
156	45.3176	10.0413
157	45.1324	9.7217
158	44.1071	10.1077
159	42.8178	9.9606
160	41.9623	11.1673
161	40.8154	11.2008
162	40.0241	11.2118
163	39.262	11.2396
164	38.5421	11.2309
165	37.7457	11.2406
166	36.8937	11.2412
167	36.1323	11.2238
168	33.992	11.0867
169	35.633	12.2538
170	35.9665	13.0009
171	36.0808	13.3883
172	35.7127	13.3666
173	35.737	13.8896
174	35.361	13.7295
175	37.9955	15.6047
176	37.2478	15.2371
177	36.5874	14.9401
178	35.87	14.5601
179	35.1038	14.1224
180	36.2184	17.694
181	35.3198	17.714
182	33.8275	18.0913
183	33.1929	18.2304
184	32.2111	18.0317
185	32.1218	18.7413
186	31.976	19.5185
187	32.3146	20.2603
188	32.5751	20.9798
189	33.0651	21.5045
190	32.4946	21.7961
191	31.5006	21.7946
192	36.0266	24.1242
193	35.3994	24.3155
194	32.9144	12.9084
195	33.2623	13.4093
196	33.6279	14.0662
197	35.4697	19.5638
198	31.4627	23.022
199	32.4904	24.6181
200	31.9385	24.2012
201	31.2205	23.9817
202	31.6768	25.9123
203	29.8138	26.5039
204	28.6741	25.99
205	30.2981	24.3266
206	28.1474	24.285
207	32.4653	27.7998
208	31.0432	26.8363
209	29.9848	27.07
210	12.1595	28.0999
211	9.4407	32.2771
212	33.4894	26.7665
213	10.6019	29.1782
214	31.0984	31.3803
215	28.2222	30.9079
216	44.6022	24.4358
217	42.6241	26.5003
218	40.4733	27.2305
219	39.2891	26.3341
220	38.0774	28.5544
221	42.812	29.3745
222	40.4883	28.3412
223	39.7669	29.4491
224	38.7116	30.8474
225	38.623	29.969
226	37.2483	29.6066
227	35.5901	29.6414
228	38.0978	41.6053
229	38.003	40.6655
230	37.9975	40.019
231	37.9953	39.5153
232	41.3457	40.8127
233	39.2001	40.9446
234	38.8076	40.0179
235	38.3191	39.0148
236	38.1992	38.0521
237	39.0404	36.7358
238	38.4229	35.8078
239	38.2962	34.7038
240	38.0353	33.9867
241	38.0416	33.3173
242	37.9807	32.526
243	38.5117	31.8349
244	37.0644	32.0391
245	35.3137	31.6638
246	34.3321	32.7254
247	33.678	30.9556
248	40.3793	37.3425
249	39.7349	34.9193
250	40.1931	33.207
251	37.5516	38.7673
252	37.6257	37.9573
253	37.2408	37.3184
254	36.5291	37.0116
255	36.4117	35.8577
256	36.2378	34.7739
257	35.8435	33.8348
258	35.0045	33.3554
259	36.47	39.1053
260	35.6218	38.7608
261	35.8507	37.9453
262	35.3489	37.0524
263	33.8457	35.8951
264	33.2526	34.7878
265	33.4187	33.7388
266	32.9029	33.2264
267	35.7275	50.3646
268	35.4321	49.2556
269	34.5706	48.1752
270	33.21	46.0885
271	32.4587	44.5873
272	32.0215	42.9977
273	32.9013	42.325
274	32.3764	40.7369
275	32.2532	38.7504
276	30.681	36.6102
277	29.9107	43.2386
278	30.0197	41.8223
279	32.9934	60.3092
280	32.9177	55.7303
281	31.9697	52.6375
282	30.7349	49.6074
283	30.0339	46.9256
284	29.3194	42.4046
285	28.5234	39.1545
286	28.8296	43.0638
287	27.5072	41.0612
288	27.7143	40.0112
289	28.0174	39.5566
290	23.2191	41.2652
291	24.6201	41.0437
292	25.7616	40.793
293	15.1511	28.5481
294	9.6676	28.0637
295	36.9081	61.6962
296	36.3719	59.1056
297	34.4886	57.7297
298	36.4075	55.8856
299	37.807	53.6701
300	36.1778	52.8462
301	37.1413	50.4068
302	36.3968	47.8896
303	33.7365	45.7234
304	33.8051	44.2526
305	36.0176	41.9564
306	37.2681	40.2894
307	36.8985	39.8718
308	34.6449	39.6592
309	34.6075	37.1346
310	33.5498	36.3635
311	31.9749	34.4534
312	30.2098	35.1823
313	28.933	35.3365
314	27.5771	33.1554
315	26.8636	30.6498
316	25.0497	29.1485
317	21.7762	27.1752
318	19.8985	27.7942
319	16.8725	26.4396
320	13.2898	27.2141
321	8.4296	27.1749
322	6.1673	26.9164
323	3.6401	25.8778
324	11.0344	27.1052
325	8.9802	30.1987
326	7.1904	32.2582
327	7.1122	30.9338
328	7.7366	28.7244
329	5.1254	28.6239
330	3.157	38.5281
331	8.5756	38.8398
332	8.27	38.1202
333	8.1777	36.8127
334	7.5419	36.1486
335	6.7694	35.3304
336	7.0401	34.4023
337	5.716	32.7822
338	6.2932	31.7899
339	3.6784	37.8309
340	4.0709	36.6356
341	4.1175	34.9822
342	4.643	34.4096
343	4.8059	30.9167
344	4.686	29.5071
345	6.341	35.9493
346	4.7992	36.6576
347	5.6972	36.1396
348	4.5928	35.1463
349	9.2599	39.1175
350	8.9596	36.7215
351	9.9093	36.2814
352	7.2455	37.7523
353	10.0881	39.2002
354	14.8314	35.8648
355	14.9307	37.2186
356	15.3953	36.1427
357	17.3328	28.4843
358	16.7687	29.7589
359	15.3778	33.2254
360	13.9859	35.1089
361	12.641	35.3541
362	10.9653	36.1922
363	7.5207	34.1096
364	15.6306	29.2856
365	15.0958	29.8879
366	12.8	30.1173
367	5.5299	31.2628
368	4.735	31.9157
369	5.4046	33.9353
370	4.9711	31.4437
371	6.3581	34.2453
372	40.0723	41.8179
373	37.3237	44.4444
374	37.5843	43.2658
375	38.0291	41.9619
376	48.4168	20.2144
377	22.4935	26.2756
378	22.4883	25.6644
379	24.0054	25.0562
380	20.0296	26.2737
381	18.7018	25.306
382	19.0162	27.6284
383	18.1311	27.1802
384	18.6086	26.6855
385	22.6828	25.1043
386	27.4271	26.5914
387	21.5436	26.2865
388	20.481	26.0729
389	51.7002	0.18
390	41.8109	19.186
391	42.4471	8.0441
392	46.2542	7.4354
393	46.4013	8.7189
394	43.1228	11.1743
395	33.2286	9.7562
396	30.6346	21.814
397	32.3703	12.5926
398	20.5818	42.7653
399	41.7776	37.3056
400	41.4234	35.296
401	41.9522	33.6141
402	36.4228	51.8015
403	36.0045	61.6452
404	28.8067	46.3924
405	27.5073	45.7068
406	25.8085	43.1807
407	10.5817	34.5405
408	37.4417	64.0587
409	2.5486	25.2163
410	8.113	40.1492
411	2.6973	38.9482
412	5.7511	34.742
413	6.5651	36.7435
414	7.3977	39.313
415	6.4911	37.5871
416	7.3415	37.3012
417	4.4177	38.2711
418	8.7651	37.7063
419	14.3452	38.3536
420	10.9121	39.0779
421	15.8106	38.9726
422	15.6781	35.334
423	13.0798	36.2329
424	10.9559	30.8398
425	42.0313	41.1446
426	42.0133	40.493
427	41.2367	42.64
428	37.943	45.4213
429	37.5919	41.2739
430	49.548	20.2812
500	2.00	21.00
501	43.00	59.00
502	2.00	20.00
503	2.00	59.00
504	18.20	53.60
505	28.80	10.00
506	16.00	10.00
507	18.00	59.00
511	45.50	64.10
512	45.00	3.00
513	14.00	25.50
515	5.00	24.00
516	23.50	35.00
517	29.00	20.00
518	30.50	11.50
519	33.00	8.00
550	29.50	45.50
551	29.50	35.50
552	7.50	63.50
553	25.20	68.10
555	18.00	9.00
556	2.00	9.00
END NODE_LIST
CHANNEL_LIST
ID	UP	DOWN	LENGTH
1	2	1	10.0
2	3	2	10.0
3	4	3	10.0
4	5	4	10.0
5	6	5	10.0
6	7	6	10.0
7	8	7	10.0
8	9	8	10.0
9	10	9	10.0
10	11	10	10.0
11	12	11	10.0
12	13	12	10.0
13	14	13	10.0
14	15	14	10.0
15	16	15	10.0
16	17	16	10.0
17	1	389	10.0
18	18	17	10.0
19	19	18	10.0
20	20	19	10.0
21	21	20	10.0
22	22	21	10.0
23	23	22	10.0
24	24	23	10.0
25	25	24	10.0
26	26	25	10.0
27	25	27	10.0
28	28	26	10.0
29	27	28	10.0
30	28	25	10.0
31	29	28	10.0
32	30	29	10.0
33	31	30	10.0
34	31	29	10.0
35	32	30	10.0
36	32	31	10.0
37	33	32	10.0
38	34	33	10.0
39	35	34	10.0
40	36	35	10.0
41	36	34	10.0
42	37	36	10.0
43	38	37	10.0
44	39	38	10.0
45	40	39	10.0
46	41	40	10.0
47	42	41	10.0
48	43	42	10.0
49	44	386	10.0
50	379	44	10.0
51	45	379	10.0
52	46	45	10.0
53	382	46	10.0
54	47	8	10.0
55	48	47	10.0
56	49	48	10.0
57	50	49	10.0
58	51	50	10.0
59	52	51	10.0
60	53	52	10.0
61	54	53	10.0
62	55	54	10.0
63	56	55	10.0
64	55	159	10.0
65	56	159	10.0
66	57	56	10.0
67	58	57	10.0
68	58	56	10.0
69	59	58	10.0
70	60	59	10.0
71	61	60	10.0
72	62	61	10.0
73	63	62	10.0
74	64	63	10.0
75	65	64	10.0
76	66	65	10.0
77	67	66	10.0
78	68	67	10.0
79	69	68	10.0
80	70	69	10.0
81	71	70	10.0
82	386	43	10.0
83	73	72	10.0
84	74	73	10.0
85	76	74	10.0
86	77	76	10.0
87	78	77	10.0
88	79	78	10.0
89	80	79	10.0
90	81	80	10.0
91	82	81	10.0
92	83	82	10.0
93	84	83	10.0
94	85	84	10.0
95	86	85	10.0
96	87	86	10.0
97	88	87	10.0
98	89	88	10.0
99	90	89	10.0
100	91	90	10.0
101	91	90	10.0
102	92	91	10.0
103	92	93	10.0
104	94	92	10.0
105	94	93	10.0
106	97	94	10.0
107	94	95	10.0
108	96	95	10.0
109	97	96	10.0
110	212	97	10.0
111	98	212	10.0
112	98	96	10.0
113	37	98	10.0
114	99	51	10.0
115	100	99	10.0
116	101	100	10.0
117	102	101	10.0
118	103	102	10.0
119	104	103	10.0
120	105	104	10.0
121	106	105	10.0
122	107	106	10.0
123	108	107	10.0
124	109	108	10.0
125	110	109	10.0
126	111	110	10.0
127	112	111	10.0
128	113	112	10.0
129	115	113	10.0
130	114	113	10.0
131	115	114	10.0
132	116	115	10.0
133	117	116	10.0
134	116	118	10.0
135	118	117	10.0
136	119	118	10.0
137	119	117	10.0
138	120	119	10.0
139	121	120	10.0
140	122	121	10.0
141	123	122	10.0
142	124	123	10.0
143	125	124	10.0
144	126	125	10.0
145	127	125	10.0
146	127	126	10.0
147	127	126	10.0
148	128	127	10.0
149	30	128	10.0
150	129	128	10.0
151	33	129	10.0
152	34	129	10.0
153	130	139	10.0
154	131	130	10.0
155	132	131	10.0
156	125	132	10.0
157	125	131	10.0
158	133	16	10.0
159	134	133	10.0
160	20	134	10.0
161	25	135	10.0
162	135	136	10.0
163	136	137	10.0
164	137	138	10.0
165	138	139	10.0
166	139	140	10.0
167	140	119	10.0
168	140	120	10.0
169	141	390	10.0
170	142	141	10.0
171	137	142	10.0
172	57	143	10.0
173	143	391	10.0
174	144	392	10.0
175	145	144	10.0
176	146	145	10.0
177	147	146	10.0
178	148	147	10.0
179	149	148	10.0
180	150	149	10.0
181	151	150	10.0
182	152	151	10.0
183	143	152	10.0
184	153	5	10.0
185	154	153	10.0
186	155	154	10.0
187	156	155	10.0
188	53	156	10.0
189	157	393	10.0
190	158	157	10.0
191	159	158	10.0
192	160	394	10.0
193	160	55	10.0
194	161	160	10.0
195	162	161	10.0
196	163	162	10.0
197	164	163	10.0
198	165	164	10.0
199	166	165	10.0
200	167	166	10.0
201	70	167	10.0
202	69	168	10.0
203	75	206	10.0
204	168	395	10.0
205	169	71	10.0
206	170	169	10.0
207	171	170	10.0
208	172	171	10.0
209	172	170	10.0
210	173	172	10.0
211	174	173	10.0
212	174	172	10.0
213	179	174	10.0
214	175	108	10.0
215	176	175	10.0
216	177	176	10.0
217	178	177	10.0
218	179	178	10.0
219	74	179	10.0
220	72	71	10.0
221	180	112	10.0
222	181	180	10.0
223	81	181	10.0
224	182	81	10.0
225	183	182	10.0
226	184	183	10.0
227	185	184	10.0
228	186	185	10.0
229	187	186	10.0
230	188	187	10.0
231	189	188	10.0
232	90	189	10.0
233	189	190	10.0
234	190	191	10.0
235	191	396	10.0
236	192	124	10.0
237	193	192	10.0
238	93	193	10.0
239	95	193	10.0
240	194	397	10.0
241	195	194	10.0
242	196	195	10.0
243	74	196	10.0
244	76	196	10.0
245	197	116	10.0
246	84	197	10.0
247	44	75	10.0
248	198	191	10.0
249	200	198	10.0
250	201	198	10.0
251	199	97	10.0
252	200	199	10.0
253	201	200	10.0
254	201	200	10.0
255	202	199	10.0
256	203	202	10.0
257	209	203	10.0
258	204	205	10.0
259	203	204	10.0
260	205	201	10.0
261	206	205	10.0
262	44	206	10.0
263	207	98	10.0
264	208	207	10.0
265	209	208	10.0
266	43	209	10.0
267	209	41	10.0
268	377	317	10.0
269	378	377	10.0
270	379	378	10.0
271	385	379	10.0
272	46	380	10.0
273	380	318	10.0
274	381	46	10.0
275	319	381	10.0
276	384	381	10.0
277	383	382	10.0
278	319	383	10.0
279	382	384	10.0
280	384	383	10.0
281	319	384	10.0
282	380	388	10.0
283	388	387	10.0
284	387	377	10.0
285	385	378	10.0
286	45	385	10.0
287	388	387	10.0
288	40	214	10.0
289	214	215	10.0
290	315	215	10.0
291	215	42	10.0
292	217	216	10.0
293	23	216	10.0
294	218	217	10.0
295	219	218	10.0
296	29	219	10.0
297	31	219	10.0
298	217	221	10.0
299	218	222	10.0
300	32	220	10.0
301	222	221	10.0
302	222	223	10.0
303	223	225	10.0
304	224	243	10.0
305	225	224	10.0
306	220	225	10.0
307	226	220	10.0
308	227	226	10.0
309	38	227	10.0
310	229	228	10.0
311	230	229	10.0
312	231	230	10.0
313	251	231	10.0
314	235	231	10.0
315	233	232	10.0
316	234	233	10.0
317	235	234	10.0
318	236	235	10.0
319	237	236	10.0
320	238	237	10.0
321	239	238	10.0
322	240	239	10.0
323	241	240	10.0
324	242	241	10.0
325	243	242	10.0
326	244	243	10.0
327	245	244	10.0
328	246	245	10.0
329	247	246	10.0
330	39	247	10.0
331	248	399	10.0
332	237	248	10.0
333	249	400	10.0
334	239	249	10.0
335	250	401	10.0
336	241	250	10.0
337	251	235	10.0
338	252	251	10.0
339	253	252	10.0
340	254	253	10.0
341	255	254	10.0
342	256	255	10.0
343	257	256	10.0
344	258	257	10.0
345	246	258	10.0
346	230	306	10.0
347	259	307	10.0
348	260	259	10.0
349	261	260	10.0
350	262	261	10.0
351	263	262	10.0
352	264	263	10.0
353	265	264	10.0
354	266	265	10.0
355	246	266	10.0
356	267	402	10.0
357	268	267	10.0
358	269	268	10.0
359	270	269	10.0
360	270	303	10.0
361	271	270	10.0
362	272	271	10.0
363	274	272	10.0
364	273	304	10.0
365	274	273	10.0
366	275	274	10.0
367	276	275	10.0
368	313	276	10.0
369	277	272	10.0
370	278	277	10.0
371	285	278	10.0
372	279	403	10.0
373	280	279	10.0
374	281	280	10.0
375	282	281	10.0
376	283	282	10.0
377	284	283	10.0
378	285	284	10.0
379	313	285	10.0
380	286	404	10.0
381	289	286	10.0
382	287	405	10.0
383	287	406	10.0
384	288	287	10.0
385	289	288	10.0
386	285	289	10.0
387	290	398	10.0
388	291	290	10.0
389	292	291	10.0
390	288	292	10.0
391	295	408	10.0
392	296	295	10.0
393	297	296	10.0
394	298	297	10.0
395	299	298	10.0
396	300	299	10.0
397	301	300	10.0
398	302	301	10.0
399	303	302	10.0
400	304	303	10.0
401	305	304	10.0
402	306	305	10.0
403	307	306	10.0
404	308	307	10.0
405	309	308	10.0
406	310	309	10.0
407	311	310	10.0
408	312	311	10.0
409	313	312	10.0
410	314	313	10.0
411	315	314	10.0
412	316	315	10.0
413	316	315	10.0
414	317	316	10.0
415	318	317	10.0
416	382	318	10.0
417	320	319	10.0
418	321	324	10.0
419	322	321	10.0
420	323	322	10.0
421	409	323	10.0
422	293	319	10.0
423	324	320	10.0
424	294	210	10.0
425	328	294	10.0
426	325	213	10.0
427	327	325	10.0
428	327	326	10.0
429	210	213	10.0
430	329	327	10.0
431	322	321	10.0
432	329	328	10.0
433	323	329	10.0
434	330	411	10.0
435	339	330	10.0
436	346	417	10.0
437	331	410	10.0
438	332	331	10.0
439	333	332	10.0
440	334	333	10.0
441	335	334	10.0
442	336	335	10.0
443	337	371	10.0
444	338	337	10.0
445	326	338	10.0
446	340	339	10.0
447	341	340	10.0
448	342	341	10.0
449	337	369	10.0
450	337	368	10.0
451	343	344	10.0
452	344	329	10.0
453	369	342	10.0
454	345	413	10.0
455	347	346	10.0
456	345	347	10.0
457	335	345	10.0
458	348	347	10.0
459	342	348	10.0
460	348	341	10.0
461	331	414	10.0
462	332	352	10.0
463	333	416	10.0
464	331	349	10.0
465	352	415	10.0
466	350	418	10.0
467	350	333	10.0
468	351	350	10.0
469	362	351	10.0
470	355	419	10.0
471	354	355	10.0
472	360	354	10.0
473	370	343	10.0
474	368	370	10.0
475	355	421	10.0
476	356	355	10.0
477	354	356	10.0
478	354	422	10.0
479	353	420	10.0
480	349	353	10.0
481	360	423	10.0
482	357	382	10.0
483	358	357	10.0
484	359	358	10.0
485	360	359	10.0
486	361	360	10.0
487	362	361	10.0
488	363	362	10.0
489	326	363	10.0
490	362	407	10.0
491	363	336	10.0
492	358	364	10.0
493	364	365	10.0
494	365	366	10.0
495	366	424	10.0
496	367	343	10.0
497	338	367	10.0
498	327	367	10.0
499	371	336	10.0
500	371	412	10.0
501	232	425	10.0
502	232	426	10.0
503	372	427	10.0
504	228	372	10.0
505	373	428	10.0
506	374	373	10.0
507	375	374	10.0
508	228	375	10.0
509	375	429	10.0
510	376	430	10.0
511	17	376	10.0
512	210	320	10.0
513	213	210	10.0
514	327	211	10.0
515	211	325	10.0
516	210	293	10.0
517	320	293	10.0
END CHANNEL_LIST
RESERVOIR_LIST
ID	NODES
801	203,208,209
802	194,196,72,74,168
803     183,184
604	202,208,207,98,212,199
605	120,122,123,124,125,130,131,140
END RESERVOIR_LIST
