ID,Name,Longitude,Latitude
6,RSAN087,37.7866988511,-121.305327415
7,SAN_R@DS_OLD_R_US_SJR_BARRIER,37.8014594605,-121.318845749
8,SAN_R@DS_OLD_R_DS_SJR_BARRIER,37.8165387603,-121.320090294
9,SJR_DOS_REIS,37.8353095274,-121.317622662
10,RSAN072,37.8553125088,-121.324692965
14,RSAN063,37.9314442057,-121.329252325
17,VERNALIS,37.671218155,-121.25893655
20,RSAN058,37.963443352,-121.365365982
21,CALAVERAS2,37.9739473341,-121.377776971
22,SJR_ELMWD_TRACT,37.9851696595,-121.393591276
24,RSAN052,37.9936826267,-121.420641477
31,RSAN046,38.0197192835,-121.465138245
37,EMPIRE_TRACT_SL,38.04831728,-121.50856755
42,RSAN037,38.0666218314,-121.559699662
45,SJR_SAN_ANDREAS,38.09952511,-121.5943674
48,CHANNEL_48_L,38.0722159848,-121.681137085
49,SJR_US_BIGBREAK,38.038557985,-121.7139861
50,SJR_DS_BIGBREAK,38.02763199,-121.7459998
52,RSAN007,38.02326004,-121.8179281
54,SAN_R@DS_OLD_R_US_OLDR_BARRIER,37.8108010456,-121.331366301
55,OLDR_DS_HORB,37.8177822222,-121.337711236
56,OLDR_HEAD,37.8214266643,-121.344019791
59,OLDR_MIDR,37.8190225188,-121.378573179
71,ROLD059,37.801585755,-121.4508846
79,ROLD047,37.80781658,-121.5399225
80,ROLD046,37.813784924,-121.552269981
82,ROLD040,37.8260057664,-121.552530527
83,RSAN018,38.0534937625,-121.688554662
85,OLDR_85,37.8512891674,-121.562025547
90,ROLD034,37.8913329687,-121.57102375
91,CCC_OLD_R_DS_INTAKE,37.8994257402,-121.569621563
106,ROLD024,37.97107153,-121.5737135
117,ROLD014,38.022059345,-121.57891885
119,MANDEVILLE,38.031139455,-121.56680125
124,OLDR_MOUTH,38.0683113382,-121.575921662
126,RMID040,37.833469915,-121.3828852
129,MIDR_129,37.8800670465,-121.387728265
132,CHANNEL_132_L,37.8887409033,-121.44115448
133,RMID027,37.8837451312,-121.458406448
134,MIDR_DS_BARRIER,37.8857265107,-121.47857666
135,RMID023,37.8923794294,-121.491393433
136,CHANNEL_136_L,37.899298075,-121.49554175
137,CHANNEL_137_L,37.905580395,-121.50266345
144,RMID015,37.9454056095,-121.533254808
145,RMID015_145,37.9458059895,-121.528876108
156,RMID005,38.006394765,-121.51442715
160,COLUMBIA_CUT,38.026676525,-121.50414215
161,MIDR_SJR,38.032116525,-121.52224155
171,CALAVERAS3,37.9633418427,-121.375311613
172,CFTRN000,37.994135305,-121.45166555
206,GLC_US_TEMP_BARRIER,37.819960185,-121.43951075
207,GLC_DS_TEMP_BARRIER,37.82004278,-121.45773165
212,GLC_WEST_212,37.819919115,-121.5271578
213,GLC_W_DS_BAR,37.8212782143,-121.542949695
216,CVP,37.8065622837,-121.57959938
226,CHANNEL_226_L,37.8871666044,-121.494825933
228,VICT_INTAKE,37.87611614,-121.5183494
229,CHVCT000,37.870519745,-121.53093775
232,CHWST000,37.8338357034,-121.554569006
233,CHANNEL_233_L,37.9137320661,-121.526727676
247,ROCK_SL_PP1,37.9759611889,-121.631290913
248,RMID007,38.00257389,-121.5279657
252,CHANNEL_252_L,37.8414446266,-121.59702301
253,CHANNEL_253_0,37.848067498,-121.588942173
258,CHANNEL_258_L,37.9399330998,-121.539516449
274,SLDUT007,38.0144222922,-121.663833303
279,FALSE_R,38.0574349205,-121.664507389
280,FISH_CUT,38.0719281236,-121.646268368
309,CHANNEL_309_L,38.1115607646,-121.695517269
310,SLTRM004,38.1001454273,-121.682385173
312,14ML_SL,38.0034835896,-121.397219896
314,DISAPPOINTMENT_SL,38.047036075,-121.4699764
319,RSAN043,38.057952775,-121.50122055
323,CHANNEL_323_0,38.11026988,-121.4946806
328,POTATO_SL,38.08441686,-121.55663115
329,CHANNEL_329_L,38.258315605,-121.49753775
334,RMKL027,38.254469605,-121.4526937
335,CHANNEL_335_L,38.248945085,-121.47648335
337,RSMKL024,38.22330499,-121.4950913
340,S_FORK_MOK,38.17242264,-121.4901432
344,CHANNEL_344_L,38.124656205,-121.502245
345,CHANNEL_345_0,38.119207315,-121.50661
349,RSAN032,38.10598007,-121.57989225
357,RMKL019,38.21861627,-121.5050869
361,N_FORK_MOK,38.173776255,-121.5288014
364,CHANNEL_364_L,38.137210325,-121.5665529
365,DCC,38.245401215,-121.5037304
366,GEORGIANNA_SL,38.23492567,-121.5200393
370,GEORG_SL_370,38.1904845088,-121.559547186
373,CHANNEL_373_L,38.146228515,-121.5941342
374,RMKL005,38.137862545,-121.58708525
379,SUTTER_SL_LEN,38.3297328526,-121.579879015
380,SUT_DS_ELK,38.3213979026,-121.590903665
381,SUT_US_MIN,38.298094897,-121.60154667
383,STEAMBOAT_SL,38.291311845,-121.58161625
385,SLSBT011,38.2394557582,-121.601915811
388,MINER_SL,38.288474687,-121.62551367
390,MINER_AT_CACHESL,38.25123228,-121.65794645
398,YOLO,38.2041083046,-121.669795922
399,CH399_0,38.313544505,-121.66521585
401,CH401_0,38.294092575,-121.69005185
402,SLCCH016,38.275728985,-121.7062477
406,SLBAR002,38.27510706,-121.7950195
410,SAC,38.57416201,-121.5137034
412,RSAC155,38.51181081,-121.54129635
413,NDD_US,38.488880685,-121.53998905
414,RSAC155,38.459300245,-121.51163015
415,416_MID,38.43820539,-121.51699175
416,416_US,38.413594715,-121.5227928
417,RSAC139,38.377840985,-121.51756825
418,418_US,38.34413315,-121.5485074
419,SAC_DS_SUTSL,38.31629466,-121.57438735
420,SAC_DS_STMBTSL,38.402609925,-121.5367542
421,CHANNEL_421_L,38.258383115,-121.5220986
422,DCC_422,38.243865695,-121.51334795
423,RSAC123,38.239198275,-121.5369662
426,SAC_US_ISLETON,38.1948864163,-121.56826973
430,RSAC101,38.1593944938,-121.678347588
433,SAC_EMMATON,38.0976178667,-121.724481583
434,RSAC092,38.0723153771,-121.771235514
436,RSAC081,38.06591105,-121.8453875
437,RSAC075,38.0528194828,-121.918380185
441,MTZ,38.0391210832,-122.127778337
442,CHIPPS_S_442,38.0618043578,-121.902153085
452,RSAC064,38.0606438075,-122.053415742
481,CHANNEL_481,38.167427128,-122.107286453
489,CHANNEL_489,38.19149972,-122.0312573
511,SLMZU032,38.0702846981,-121.867486321
512,MTZMA_SL_US_SCG,38.0837148281,-121.883827171
513,SLMZU025,38.1170093419,-121.896873435
517,SLMZU011,38.177301955,-121.97524085
523,SLMZU003,38.1432639818,-122.054243088
529,RORR_529,38.08859139,-121.89432055
549,COSUMNES,38.255590785,-121.42626515
550,MOKELUMNE,38.25081369,-121.4265404
552,CHANNEL_552_L,38.274190355,-121.4488307
553,CHANNEL_553_L,38.266976615,-121.47826885
555,CHANNEL_555_L,38.31459043,-121.5043315
556,CHANNEL_556_L,38.29881949,-121.5080169
557,CHANNEL_557_L,38.280520505,-121.5018266
558,CHANNEL_558_L,38.2682761,-121.4972986
559,CHANNEL_559_L,38.265206845,-121.5069538
560,CALAVERAS,37.9534192664,-121.303170919
900,CHANNEL_900_L,38.183906355,-121.51882445
951,CHANNEL_951_L,38.261998905,-121.46624995
952,RSAC128_MOD,38.25337309,-121.513397
0,CSMR_MOKE,38.254,-121.434
0,MIDR,37.891,-121.434
0,ROLD074,37.81080105,-121.3313663
0,RSAC054,38.0391210832,-122.127778337
0,RSAN112,37.671218155,-121.25893655
0,SNODGRASS,38.291,-121.505
0,CLIFTON_COURT,37.84,-121.602
0,GEORGIANA_SL,38.23492567,-121.5200393
0,CACHE-RYER_CH398,38.2128,-121.6692
0,DELTA-CROSS-CHAN_DCC,38.2466,-121.5096
0,DUTCH-SL_SLDUT007,38.0130,-121.6710
0,FALSE_R,38.0558,-121.6669
0,FREEPORT_RSAC155,38.4557,-121.5012
0,GEORGIANA-SL,38.2373,-121.5177
0,GRANT-LINE_CH213,37.8202,-121.4497
0,HOLLAND-CUT_ROLD014,38.0164,-121.5819
0,SJR-JP_RSAN018,38.0530,-121.6880
0,LIT-POT-SL-TERM_CH324,38.0964,-121.4961
0,MALLARD-SL_RSAC075,38.0440,-121.9190
0,MARTINEZ_RSAC054,0.0000,0.0000
0,MIDDLE-AT-MIDDLE_RMID015,37.9430,-121.5340
0,MIDDLE-R-HOLT_RMID005,38.0031,-121.5108
0,MINER-SL_CH388,38.2917,-121.6308
0,MOKE-AT-SJR_CH349,38.1061,-121.5711
0,OLD-R-BACON_ROLD024,37.9700,-121.5723
0,OLD-R-DMC_ROLD047,37.8116,-121.5470
0,OLD-R-FT-TERM_CH124,38.0711,-121.5789
0,OLD-R-HWY4_ROLD034,37.8911,-121.5692
0,OLD-R-QUIMBY_CH119,38.0272,-121.5645
0,PRISONER-PT_RSAN037,38.0660,-121.5620
0,RIO-VISTA_RSAC101,38.1600,-121.6860
0,ROUGH-N-READY_RSAN058,37.9630,-121.3650
0,HOOD_RSAC142,38.3680,-121.5200
0,GEORGIANA-SAC_RSAC123,38.2389,-121.5234
0,ANTIOCH_RSAN007,38.0180,-121.8020
0,SJR-GARWOOD_CH14,37.9287,-121.3278
0,MOSSDALE_RSAN087,37.7860,-121.3060
0,THREEMILE-SJR_SLTRM004,38.0870,-121.6860
0,TURNER_CUT_HOLT_CFTRN000,37.9928,-121.4542
0,VICT-CNL-BYRON_CHVCT000,37.8717,-121.5283