Cross-section:  xsect_b
Elev(NGVD)        A          P          W         Rh         Xc         Zc
========================================================================
  10.0       2700.0     183.16      160.0         0.0         0.0      0.0   
   2.0       1660.0     121.06      100.0         0.0         0.0      0.0
  -4.0       1120.0      97.74       80.0         0.0         0.0      0.0
 -20.0          0.0      60.0        60.0         0.0         0.0      0.0
 

station:  -1 0 1 2
elevation:-20.0 -4.0 2.0 10.0